8947711245387826358326471667466615916623182949742566713717946248316855719363817762316278934852139941
5996554893728279265347742386916131742699419133135479357695593945547933992273785971896573159595455374
2521429927784383942122976959993711225817862113377172736944813336192753294254382152822422797289415356
1917183848219173245982269922498614586127214885259596157632295595884198232835788252363675323194251559
2668398872453188634953458356432662618295698585689536419945912379127745553767994871575126313527549751
1794959419829741966789392217797853925722741266736153114814745622747827158678567547146258923239393252
6125129446566943895422986873167719544688796639928149532972686124823156275729557792417972152723277373
2889895989818937111512348612583794131649354496692814782941317239172714326514296358686136815525761894
9187918927266142939279672883553285242649455379915666895262387556655761745548348913498956171972379184
1832729394688823286583286812381526891529442211449363423289563422916347525473217116665345312759559451
1442333397932679251262921794297142172283923759486532186813426113859123966569579335257525778836371485
8221836629227517146253513815188116428849352618986733814555452399886198845579818978277598538115131141
1862684884875454174941664889325618293345732341858894719812491461513426816979277314778611554147188829
3173343158579986699874382973694226129544956434448167374994817398944261543483927688684992154157723127
5675468947695656999636197999514179299949733784417993859596429794113145388315295252982611327642697682
1548567461195415656479418686761259699886419323381392711877122937957859423634852646214711789558585652
7743387392262747785838841911827776592473691196126137236176391995262442948628181488545959996299129469
7623566436369778477638741343927766911682435294232944858675774688787671163159522138184956552853662642
9678773555872196858183523277947376639433775481972651632836942315819592211274834812245791538114817933
3862991496954422475539449663893589131242447868296823781929191829843481189524393313982418122485662752
2917899469675211156769739648558829121689691481224941688336195892791329436936493942854437489495856485
6282737196576741269867296858816382165318997229186928178267269995644657983974341288848566541462199578
3128488945941788699358485694461353466931348835393648227271614519488152325671431292694788683988671421
5916253392241598261174457128462793442124238297837525364596354229172398995261213543812145324411484741
5275339781642786469152487357525942477279384534597898586964923677729774691898612917616457164884935694
2785685922871464688879248184376663323223116662476321958757959336321414636789868553998878192262183364
9687253768671186271181855318742741837181983573179563589634445953985464585466362938557522313618773791
3872572762554624944896219728136483521743663987222694652574835434135676277683774837232838545248245666
7856553134868194678335335767854348461456232136438943822362392948183551595892837172989481692256221857
5125545346736347726444415147495727963516279745248994438238429175928432178831549233582581258585247951
4474389584877336657941161121335548853655527131923667272877896674671165317357775186171721644295495478
3138259446866821999935212813458332929697166791492464181451832749724633371961796921866224145286648858
3786365937388892116799222913995153929737981553739555925322746541685759762849849426955137516365223262
4186873235559741866251653943397257669754786138746195822144392254518964857287469227547311811272751735
1123458758371229272511462327669468215422196328278888744843181858436141115181419882264376718132754885
9588439678133952551794712614998741374412396178234285117276855747399835149534563295642968646353795375
1593366691546825882846417551826598312118157126765816716551627552778791256492339847331464386737244983
7393354326291227194473281673536438195896983951949511952978581377819559129957233899227992894996847618
3378166519121866848198797377896563424765245789411614571639961649983226288143856399863541369429383656
9689393324843431361534826149849247653233958593922368119942511998962675578679419313623793973451743826
6586754237964521732857318219426666423593296592449944835212666931255547117789671624142565633496187361
4425679195755979848328544673846922353652982454977243523324445186146763369522295452642773228938183769
7388178243182292382986171521962656962171994227269367362828122416612282395192982148845923885336116278
1297484768139663259664466845562874434369341732929721316112933915945523164598176763995458192335135252
7446974798796389763514356426729229993525629669722361341296379471576258194545239854459325823927168134
3849637881751563749117216529799621288661194177279382269253385278928854471828743486783948768519575217
4221139624494166779837633289388929297615411664455378668697987363852521319654389833685548369316923499
4444464831569197499866179693652693628834899992912474736624847694225383846677951957589932923742448997
3831988135861757274787661541684995725691773883787389365795378721214917735953389278821968748627587845
5438491479435534974827111665391574521326159136759789979146568122821816343245231211975492459168642275
4956749565937952863276958924149111788812649393272259923939595548573933627717478892445722533566192647
9736642894258354968141657515447993214776784866454761122262537368146939765542357299738335594738343963
8682779335623214618325461427945551178451781555137781837829251788233598639752332626672963987128318224
6592429443456782381245257688164931217175875934197517492211636572952922775435666761351933832489694979
8918363637236368271476264212873425364897258638354447118661647233662956578119935832583627439716564897
3274997973531972265179129322522858654283979528554813396137618243623947624291531233559657682652364139
1826545556795231513392278817922935677771121113173683745127518295332668915399371232729652274691517417
1768945285884957382875572851229565415434747221954226369197188371196838213989774714155539176619437134
4789777365194643558611191897922662345185123741274283335386676116986152928795443332527168429781644487
8435748141618223918774556648154214698397993594584796282336879982977195973264713768283235593643277359
4931361618597996752154157267912328465297482997136419878298787319924628695822125821435324847547232271
1565473325616244673684122417346739252366129175818915681779876758814234837685777298149455474935824752
5258297394587234386651433981392478866337717227393355563424727799174871461791464825722638341473119276
2957131312663845227415578338253732818721745194635929965968287643189322245396726799372744445685112361
4872317654266547746385829753854282659568334331637445553126986381137324863452983364811559944736762338
6189777257743264128644819276261365663116927832456436434572999966824326442495547671374426191958957797
3682533197596734396824131521932915179927348628825616573557227218692881998393466483171978854848471441
2416751781445821872532151262875392582893271675122614326361442751872845127913294811323321137478756394
8849863233321396415758584957148871649863149844121472269262645977962513362953241575414719235493191227
8158614835123285621664194331192433819866589254633869898981998781563288457492311918152244341227987761
9169383129781383811837453697947387991632266664942962146168435285623578771785477917984392639559116922
5125741895498239789266147441787438614126419774622414541685663287268426376498659595375189768546136928
3789592975453562946422692866664748248852497775767688772235985523121475176512738876748142446319992798
2545223246787698755136835744711716283183581684936252937444755424121869554238874735337729491515822582
8522674593769831927822147423447395872453514696899642997784644593594763219634199511774235456871927282
2266162871939279657759735668423684213875957879891268181259281533333279834239438482951866165448755731
2446778686796517428634581339883815328373971566683332823135583179355485184398751478368971146698746381
8186766238431388461287418962535436363897565822818894929876779362413417472348597293788718749863778262
8723126549132611433145838492755843218138645872916216338724729232481994287341231872233766561966434552
5379843756473919685841875168999121781282696195422157236857768389215345398874575616153881347759499468
5292813911526895512417437855996316267193423983632443781193684812826768882717963928479181826473941696
7637443365972857375268664135788177471223173984566293893514531176464873744375644165599842195779388737
1546165425474171958664219345391579383136761477326961836276435297731936711672972844695443149873823567
5566614496165831294633387269399255497926436416184283445398233516668487126884972855234641678559928192
1931836883197753445317292761617293749756552594266894979978184354666869962682555327888193268185469898
5753681554388297129357581978567863666599422678477699387311726624946447129482245691456787881945528584
4368439251686698828991882142196774215297862593569335242842548466535828292791427781484439665734897862
1862435255173394965278736517481298853226421499786356917924472856312816765284418765372176543748881561
9596725521396761395353287891446427712227778623291271276521162392436436599852574917419183379775838576
3394966696625519222461779377775675527963983717416892574855857631115712473384324791979259457299632884
8918917765984897119314855199369461536698338919941738827533324663533972526216646771652467758861915595
4932575953736747467557816113289283369958977958373367225472758175139588223523834714594971961458282975
6971336213258577139359628582465559463582777167657228938756118957452742195579324487541791542661758142
5725461418258781736842989558785617312223773437754437384792518731113755358881623562482348734743167536
6413489278115245377159826788727425195169262796897658716187473337733919112973156144829367659296485469
3451988942792746368268299247745941647819716261447912596529887238455781996813157292822889694596244771
8983833612738851244679313996413889967126714577738365717615739514124582816529161897749515694312631117
9931517991117864345588632299931626273696728115959979681884695739379182747349978217712193673157219428
2876252657839253765421755541475117948813529853646128669823654138477891651975835685843629243389478179
6422495373426495167885846753286182137989415651223319256152569776938625161451198857728425597457887475