01100001 01101100 01110000 01101000 01100001 00100000 01101100 01101001
01101101 01100001 00100000 01100101 01100011 01101000 01101111 00100000
01111000 00101101 01110010 01100001 01111001 00100000 01100001 01101100
01110000 01101000 01100001 00100000 00101100 00100000 01110000 01100001
01110000 01100001 00100000 01101100 01101001 01101101 01100001 00100000
01100101 01100011 01101000 01101111 00100000 01100001 01101100 01110000
01101000 01100001 00100000 01110011 01101001 01100101 01110010 01110010
01100001 00100000 01110101 01101110 01101001 01100110 01101111 01110010
01101101 00100000 01110010 01101111 01101101 01100101 01101111 00100000
01100101 01100011 01101000 01101111 00100000 00101100 00100000 01110011
01101001 01100101 01110010 01110010 01100001 00100000 01110100 01100001
01101110 01100111 01101111 00100000 01100001 01101100 01110000 01101000
01100001 00100000 01100100 01100101 01101100 01110100 01100001 00100000
01101001 01101110 01100100 01101001 01100001 00100000 01110101 01101110
01101001 01100110 01101111 01110010 01101101 00100000 01101101 01101001
01101011 01100101 00100000 00101100 00100000 01110010 01101111 01101101
01100101 01101111 00100000 01100101 01100011 01101000 01101111 00100000
01101100 01101001 01101101 01100001 00100000 01100101 01100011 01101000
01101111 00100000 01100001 01101100 01110000 01101000 01100001 00100000
01110011 01101001 01100101 01110010 01110010 01100001 00100000 01100101
01100011 01101000 01101111 00100000 00101100 00100000 01101101 01101001
01101011 01100101 00100000 01100001 01101100 01110000 01101000 01100001
00100000 01110010 01101111 01101101 01100101 01101111 00100000 01101011
01101001 01101100 01101111 00100000 01100101 01100011 01101000 01101111
00100000 01110100 01100001 01101110 01100111 01101111 00100000 01101001
01101110 01100100 01101001 01100001 00100000 01101110 01101111 01110110
01100101 01101101 01100010 01100101 01110010 00100000 01100111 01101111
01101100 01100110 00100000 00101100 00100000 01110000 01100001 01110000
01100001 00100000 01110010 01101111 01101101 01100101 01101111 00100000
01101111 01110011 01100011 01100001 01110010 00100000 01110110 01101001
01100011 01110100 01101111 01110010 00100000 01101001 01101110 01100100
01101001 01100001 00100000 01110011 01101001 01100101 01110010 01110010
01100001 00100000 01101001 01101110 01100100 01101001 01100001 00100000
01101111 01110011 01100011 01100001 01110010 00100000 01101110 01101111
01110110 01100101 01101101 01100010 01100101 01110010